cubic-normal
5.037767,
4.761871,
5.063401,
5.063858,
4.889349,
4.885902,
5.539093,
5.016306,
4.887776,
5.034562,
5.322212,
4.977824,
5.082378,
5.273829,
4.754482,
4.817431,
5.046385,
5.075757,
4.853108,
4.949573

cubic-normal-rex
4.669282
4.661898
4.588932
4.417455
4.573256
4.653565
4.676255
4.534071
4.661959
4.741543
4.464349
4.563196
4.723962
4.606303
4.735568
4.560020
4.566207
4.642778
4.517854
4.535428

cubic-normal-irm
4.694761
4.805448
4.842452
5.056284
4.966534
5.002506
4.770272
4.698062
4.883493
4.801742
5.059632
4.922196
4.890974
4.752088
4.975229
4.940905
4.946900
4.918238
4.804332
4.889785

cubic-normal-irm-ib
5.222111
5.037313
5.253285
5.023036
5.158563
5.139180
4.889101
5.068202
4.929574
5.219548
5.126527
5.308870
5.011109
4.755987
4.854665
5.398725
4.927114
4.929280
4.985718
5.514163

quad-normal
14.205209
13.597524
14.022445
13.823618
13.576504
13.794117
14.458971
13.920672
13.640601
14.036467
13.494765
13.620354
13.975441
14.038516
14.074393
13.815199
13.848504
14.182647
13.700654
13.643946

quad-normal-rex
12.643023
12.776483
12.167963
13.005399
12.758007
11.950248
12.601134
12.677200
13.067031
12.754646
12.767106
13.033818
12.681223
12.631486
12.883194
13.095802
12.166032
12.875494
13.075967
13.025022

quad-normal-irm
15.387821
14.756681
14.549273
14.141533
15.589434
14.596300
14.818956
15.285072
14.790299
14.564043
14.920383
14.611855
15.109227
14.949225
14.789071
15.609876
14.029500
15.524818
14.797844
14.290598

quad-normal-irm-ib
14.022041
13.684436
14.071492
13.954819
13.539790
13.751288
13.890888
14.161502
13.552317
13.418442
13.504220
13.955163
13.764600
13.849802
13.785641
13.555224
13.995083
14.147860
13.577074
13.715105

sin-normal
1.523670
1.385421
1.921591
2.394999
2.287117
1.635219
2.064754
1.871639
1.883086
1.525309
1.642858
1.685464
2.264894
1.893346
1.609560
1.641573
1.665381
1.737567
1.941149
1.885986

sin-normal-rex
2.103012
1.928931
2.176873
1.788024
1.304327
1.205973
1.889416
1.925016
2.087360
2.066978
1.759101
2.040438
1.079813
1.611254
1.223463
1.850503
1.117817
1.420724
1.264181
1.086460

sin-normal-irm
2.673688
2.316561
2.159024
2.075352
2.425283
1.124782
1.552220
1.580284
2.373707
1.718597
1.739559
1.358381
2.267815
1.488332
1.838050
2.460705
1.968606
1.141273
2.489757
2.278615

sin-normal-irm-ib
1.864873
1.537017
2.064057
2.256192
2.176223
1.448507
2.390932
1.988189
2.715031
2.138202
1.596614
2.155004
2.082157
2.029189
1.980342
1.211245
2.351951
1.588611
1.214551
1.583699